451170936
1352854365
2770367757
2380697096
2475997935
989837076
3891794560
3565976725
171529555
2570954486
1158454494
1119120825
1743223868
541065865
58776151
2919820511
2974197788
4148136732
1137669705
44162620
566021749
67339185
3869803053
968436833
2314943007
1559912763
2012324518
2773945224
1945850178
1289408232
937652020
2515599348
1526938524
617626125
2480288835
4050441881
1618036630
533375518
2780199117
4246849259
1723746325
1248754065
152878067
2798096508
9871920
386407736
2868872791
798328574
3307978598
3482191172
1056621671
3670112638
3388410213
2906343042
1483709154
1854986409
1477155595
2516934785
1706760354
3866429937
1785148555
428786477
3462260113
863962261
344710527
789215832
663444932
3022563193
2658599546
2296806665
411802626
2353072586
3065557284
1830766098
4288756262
3438537717
761069778
86928494
4138491478
2911410786
2366347350
2763337411
3900586027
1253252289
3993692315
3047846086
2999958409
3606882801
853263782
3420307357
2693188124
2408000111
4093840971
1498998226
3221329635
4255714169
1354967116
1772250443
3520367758
608716816
595563549
3344322990
1008192608
509542326
2679795632
3358811735
2849456726
3051284753
3892849810
2726503658
2431017954
3835435555
1054442133
213221135
2490094057
245307015
3139797485
2501645318
2786219413
3520865854
418888388
2056352552
844087918
1065057358
836389901
4194304671
1982287331
342854273
2893929320
2002743192
1467743056
1545963146
2739287640
3160174774
3706144758
1468867310
1318379851
1550599681
447209670
3469675558
272389740
2371857327
2342594977
126528066
3188960705
687331910
3582164138
165666134
1385944012
1863897582
2604090158
1078027656
2147036900
33180470
948354412
2920567342
1502494542
4038516783
3494186242
2681147668
2514484455
1917053237
3212158500
1256219727
848002213
4126158213
4159864540
851609646
3746727233
2495599378
543279971
3099044545
1178470831
3546630613
1413037428
2046510733
31159976
636221363
926133107
2291738624
615163210
1365376294
3149141229
574363381
3488894110
273973519
60812861
1395618799
3980612690
2557026959
2349324586
705575367
3500204522
3988325301
2884050343
3323350548
2192309353
2468238839
1878539752
4181436881
201259036
2060380599
3517073212
2778028583
1135996655
659129840
1384965278
4097105939
1574513737
1661707404
2743652029
1890196169
1875541864
528192960
2574660485
793535050
1135599451
2526232096
111082845
1216729324
2289368183
2392255536
2652445089
2637743426
1202929676
2364129739
3048619743
3856040952
1533037099
825800753
925796441
1877911946
1341241472
3421249896
2793642454
2830820327
2927929884
1245199608
3795531860
1309638748
43979424
2539966206
1964834636
1999999476
3246596446
863427154
3589813547
921458053
3242932525
3132438105
2709110741
1649173862
1470833187
4283357195
1927357035
866000713
873235264
4055417848
765324444
3744968956
925677717
651357354
1108556538
590627155
3435968318
3849667554
3134863075
2944560499
3828270458
3296432005
3161547780
1470052788
1808898936
874766191
1251406328
1259212677
3080579773
766665153
3952200681
1973930752
2507727897
1627409324
2613776309
998651085
2208183339
3880521090
1176435377
1443573640
421980496
1317712128
2269653494
511872415
2164657888
622881472
1152083758
3194267644
4263802049
839838965
2824123448
3042194010
401031855
683015879
2827803204
1022732671
1227932157
863445112
3498299442
715787134
1003365599
4050665972
3150472604
229583157
109169553
3623121973
1124711624
1202540815
2783268267
4281440127
93097916
2870024965
2273621281
1516018749
950136907
910563743
2805626420
638560292
290198971
1746043695
3884720804
3698774324
1382205056
1586345678
20860929
1852854136
693880322
992794703
1914175321
3952988695
3870946348
2601909415
1705482625
3125736651
511730283
3015609907
988528549
2246025936
3062692113
1910874710
3716192799
1310913375
3830010418
3912966104
1252944741
4118123297
2749345643
1051136599
1191482842
1264668667
656057995
448241597
2779361244
2925205743
3961003797
2740767588
1782579914
1502426364
84497738
2057442618
2976904087
1155804635
2048408675
2748029576
451824168
4074443739
846539316
62080603
1893439092
1238305062
3557405503
418839162
3736302331
170707866
4131211795
1670461235
1596288339
2543948875
1141068803
1459504174
1497386573
1768594614
970719205
2682521796
785727029
1796283350
2034406540
3289280711
3417571475
328239035
853156163
1068381977
119295660
2193241090
4186715569
49764887
3586608894
614457831
3402341131
375191655
492025830
894033568
2681574409
917967866
70042517
3576818287
1639681208
1895809854
4031101739
3823143317
3176681911
3470453810
2166324750
117888902
310151902
3873662162
454383314
2132422460
38466978
1009540118
2710043041
1672712792
2571003834
436434037
2778454149
2935938426
1419647933
3183668416
2148437933
699256393
4273924218
1996169929
3871232396
4190338490
577221619
3550488845
1350775058
4076050170
2897971923
3928220632
539465583
2154659268
415022676
783686086
2334238552
1868031112
2687561329
4117821184
2038268872
427723852
565295092
2412916163
1445304919
2714346056
670958219
3641833741
409766765
1320533038
4234238568
4114367999
4251063772
1291782115
1231296781
3688190558
1421546968
391750589
1990554128
2935803229
595489091
1553023634
2823650374
634822808
2076761234
3475731359
413608590
2643432369
2332855148
2659171327
3460920535
36327818
63248522
1992406152
3035885073
4063061061
3571304141
1081366344
3731377328
131325945
2914868158
2415240578
118402722
3391577174
190406251
1885896269
616902441
929049634
840729453
3278727333
1177869852
1455212216
3067279745
2492423231
1863667638
3920321293
3625598079
614208092
3672196927
2890161432
2320968934
3174704166
478374917
4278814894
2123093522
2425280980
677108614
1789153189
2392754572
1725107484
1405883742
240707460
190639167
3736416369
235170706
1621043543
3350683696
3555207618
457544716
549708695
726221396
47484271
2992042422
3087076686
1233832298
2331448486
3203403854
2723924365
856359581
4183292108
3104458762
3692885322
1434504515
711584484
1276520493
1825332978
575818648
1776297811
371928442
2390396653
2804387416
634031349
940395236
1972983281
3773659408
1047920873
593112014
3014677117
427617949
3898311216
2154362195
962213994
3235175722
2651507339
1674015950
3471459914
1245489217
3597465924
2821078983
4285227545
4210070655
1194695863
1914370894
830858039
1803309695
2636546964
27007433
268071690
682339108
2697654567
3837280707
3076777641
103355133
1975592635
2021945992
1668658703
2174066791
358901536
4069052210
316663597
2382887730
558979352
1427621952
532948553
46246458
3792963235
3880402215
729034282
2243341291
848069894
1761375406
515079443
178014036
3992406743
2150061471
1504551104
432079237
182976129
4150659626
3944493764
4103611111
3027892474
1539314806
2915442763
2820417230
753449419
2272318051
1734984909
